120 121 121 134 0  0  0  33 28 0  0  0  0  0  0  0  0  0  0  0  0  0  0  0  0  0  0  0  0  0  0  0  0  14 55 28 0  0  0  0  0  120 121 121 121 121 134 1  2  2  2  2  2  2  2  2  2  2  2  2  2  2  2  2  42 15 120 121 121 121 121 121 122 0  0  0  0  0  0  0  
123 124 128 0  0  0  14 36 0  0  0  0  0  0  0  0  0  0  0  0  0  0  0  0  0  0  0  0  0  0  0  0  14 23 22 0  0  0  0  0  120 124 124 124 124 128 1  10 5  5  5  5  5  5  5  5  5  5  5  5  5  5  5  5  6  120 124 124 124 124 124 124 128 0  0  0  0  0  0  0  
123 125 0  0  0  0  37 22 0  0  0  0  0  0  0  0  0  0  0  0  0  0  0  0  0  0  0  0  0  0  0  33 57 22 0  0  0  0  0  120 124 124 124 124 128 1  10 5  5  5  5  5  5  5  5  5  5  5  5  5  5  5  5  5  6  123 124 124 124 124 124 125 0  0  0  0  0  0  0  0  
123 128 0  0  0  14 36 0  0  0  0  0  0  0  0  0  0  0  0  0  0  0  0  0  0  0  0  0  0  14 55 34 0  0  0  0  0  0  120 124 124 124 124 128 1  10 5  5  5  5  5  5  5  5  5  5  5  5  5  5  5  5  5  5  6  123 124 124 124 124 124 128 0  0  0  0  0  0  0  0  
130 0  0  0  0  37 22 0  0  0  0  0  0  0  0  0  0  0  0  0  0  0  0  0  0  0  0  0  33 57 22 0  0  0  0  0  120 121 124 124 124 124 128 1  10 5  5  5  5  5  5  5  5  5  5  5  5  5  5  5  5  5  5  5  6  123 124 124 124 124 125 0  0  0  0  0  0  0  0  0  
129 0  0  0  14 36 0  0  0  0  0  0  0  0  0  0  0  0  0  0  0  0  0  0  0  0  33 54 34 0  0  0  0  0  0  120 124 124 124 124 124 128 1  10 5  5  5  5  5  5  5  5  5  5  5  5  5  5  5  5  5  5  5  5  6  123 124 124 124 124 128 0  0  0  0  0  0  0  0  0  
0  0  0  0  37 22 0  0  0  0  0  0  0  0  0  0  0  0  0  0  0  0  0  0  14 55 34 0  0  0  0  0  0  120 121 124 124 124 124 124 128 1  10 5  5  5  5  5  5  5  5  5  5  5  5  5  5  5  5  5  5  5  5  5  6  123 124 124 124 125 0  0  0  0  0  0  0  0  0  0  
0  0  0  14 36 0  0  0  0  0  0  0  0  0  0  0  0  0  0  0  0  0  0  33 57 22 0  0  0  0  0  120 121 124 124 124 124 124 127 128 1  10 5  5  5  5  5  5  5  5  5  5  5  5  5  5  5  5  5  5  5  5  5  5  6  123 124 124 124 125 0  0  0  0  0  0  0  0  0  0  
0  0  0  17 19 0  0  0  tree,woodYield,0,1,2,1  0  0  0  0  0  0  0  0  0  0  0  0  0  33 34 0  0  0  0  0  120 121 124 124 124 124 124 127 128 1  2  10 5  5  5  5  5  5  5  5  5  5  5  5  5  5  5  5  5  5  5  5  5  5  5  6  123 124 124 124 125 0  0  0  0  0  0  14 16 0  0  
0  0  0  37 22 0  0  0  0  0  0  0  0  0  0  0  0  0  0  0  0  33 34 0  0  0  0  0  120 124 124 124 124 124 127 128 1  2  10 5  5  5  5  5  5  5  5  5  5  5  5  5  5  5  5  5  5  5  5  5  5  5  5  5  6  123 124 124 124 128 0  0  0  0  0  14 23 24 16 0  
0  0  14 36 0  0  0  0  0  0  0  0  0  0  0  0  0  0  0  0  33 34 0  0  0  0  120 121 124 124 124 124 124 128 1  2  10 5  5  5  5  5  5  5  5  5  5  5  5  5  5  5  5  5  5  5  5  5  5  5  5  5  5  5  6  123 124 124 125 0  0  0  0  0  14 23 18 18 24 16 
0  0  17 19 0  0  0  0  0  0  0  0  0  0  0  0  0  0  0  33 34 0  0  0  0  120 124 124 124 124 124 127 128 1  10 5  5  5  5  5  5  5  5  5  5  5  5  5  5  5  5  5  5  5  5  5  5  5  5  5  5  5  5  5  6  123 124 124 125 0  0  0  0  14 23 18 18 18 18 19 
0  0  17 19 0  0  0  0  0  0  0  0  0  0  0  0  0  0  33 34 0  0  0  0  120 124 124 124 124 124 128 1  2  10 5  5  5  5  5  5  5  5  5  5  5  5  5  5  5  5  5  5  5  5  5  5  5  5  5  5  5  5  5  5  6  123 124 124 125 0  0  0  0  17 18 18 18 18 18 19 
0  0  17 19 0  0  0  0  0  0  0  0  0  0  0  0  0  14 36 0  0  0  0  120 124 124 124 124 127 128 1  10 5  5  5  5  5  5  5  5  5  5  5  5  5  5  5  5  5  5  5  5  5  5  5  5  5  5  5  5  5  5  5  5  6  123 124 124 125 0  0  0  0  17 18 26 21 21 21 56 
0  0  17 19 0  0  0  0  0  0  0  0  0  0  0  0  14 23 22 0  0  0  0  123 124 124 124 128 1  2  10 5  5  5  5  5  5  5  5  5  5  5  5  5  5  5  5  5  5  5  5  5  5  5  5  5  5  5  5  5  5  5  5  5  6  123 124 124 125 0  0  0  14 23 26 22 0  0  0  27 
0  0  17 19 0  0  0  0  0  0  0  0  0  0  0  14 23 22 0  0  0  0  120 124 124 124 125 1  10 5  5  5  5  5  5  5  5  5  5  5  5  5  5  5  5  5  5  5  5  5  5  5  5  5  5  5  5  5  5  5  5  5  5  5  6  123 124 124 125 0  0  0  17 18 19 0  0  0  0  0  
0  0  17 24 16 0  0  0  0  0  0  0  0  0  14 23 22 0  0  0  0  120 124 124 124 124 128 4  5  5  5  5  5  5  5  5  5  5  5  5  5  5  5  5  5  5  5  5  5  5  5  5  5  5  5  5  5  5  5  5  5  5  5  5  6  123 124 124 125 0  0  0  17 26 22 0  0  0  0  0  
0  0  17 18 19 0  0  0  0  0  0  0  0  0  17 19 0  0  0  0  0  123 124 124 124 128 1  10 5  5  5  5  5  5  5  5  5  5  5  5  5  5  5  5  5  5  5  5  5  5  5  5  5  5  5  5  5  5  5  5  5  5  5  5  6  123 124 124 125 0  0  0  17 19 0  0  0  0  0  0  
0  0  17 18 24 16 0  0  0  0  0  0  0  14 23 22 0  0  0  0  120 124 124 124 125 1  10 5  5  5  5  5  5  5  5  5  5  5  5  5  5  5  5  5  5  5  5  5  5  5  5  5  5  5  5  5  5  5  5  5  5  5  5  5  6  123 124 124 125 0  0  0  17 19 0  0  0  0  0  0  
0  0  17 18 18 19 0  0  0  0  0  14 15 23 22 0  0  0  0  120 124 124 124 124 128 4  5  5  5  5  5  5  5  5  5  5  5  5  5  5  5  5  5  5  5  5  5  5  5  5  5  5  5  5  5  5  5  5  5  5  5  5  5  5  6  123 124 124 125 0  0  0  17 19 0  0  0  0  0  0  
0  0  20 25 18 24 15 15 15 15 15 23 18 19 0  0  0  0  0  123 124 124 124 125 1  10 5  5  5  5  5  5  5  5  5  5  5  5  5  5  5  5  5  5  5  5  5  5  5  5  5  5  5  5  5  5  5  5  5  5  5  5  5  5  6  123 124 124 125 0  0  0  17 19 0  0  0  0  0  0  
0  0  0  17 18 18 18 18 18 18 18 18 26 22 0  0  0  0  0  123 124 124 124 125 4  5  5  5  5  5  5  5  5  5  5  5  5  5  5  5  5  5  5  5  5  5  5  5  5  5  5  5  5  5  5  5  5  5  5  5  5  5  5  5  6  123 124 124 125 0  0  0  17 19 0  0  0  0  0  0  
0  0  0  17 18 18 18 18 18 18 18 26 22 0  0  0  0  0  120 124 124 124 124 125 4  5  5  5  5  5  5  5  5  5  5  5  5  5  5  5  5  5  5  5  5  5  5  5  5  5  5  5  5  5  5  5  5  5  5  5  5  5  5  13 9  123 124 124 125 0  0  0  17 19 0  0  0  0  0  0  
0  0  0  17 18 18 18 18 18 18 18 19 0  0  0  0  0  0  123 124 124 124 124 128 4  5  5  5  5  5  5  5  5  5  5  5  5  5  5  5  5  5  5  5  5  5  5  5  5  5  5  5  5  5  5  5  5  5  5  5  5  5  5  6  120 124 124 124 125 0  0  0  17 19 0  0  0  0  0  0  
0  0  0  17 18 18 18 18 18 18 26 22 0  0  0  0  0  120 124 124 124 124 125 1  10 5  5  5  5  5  5  5  5  5  5  5  5  5  5  5  5  5  5  5  5  5  5  5  5  5  5  5  5  5  5  5  5  5  5  5  5  5  5  6  123 124 124 124 125 0  0  0  17 19 0  0  0  0  0  0  
0  0  0  17 18 18 18 18 18 26 22 0  0  0  0  0  0  123 124 124 124 124 125 4  5  5  5  5  5  5  5  5  5  5  5  5  5  5  5  5  5  5  5  5  5  5  5  5  5  5  5  5  5  5  5  5  5  5  5  5  5  5  5  6  123 124 124 124 125 0  0  0  17 19 0  0  0  0  0  0  
0  0  0  17 18 18 18 18 18 19 0  0  0  0  0  0  0  123 124 124 124 124 125 4  5  5  5  5  5  5  5  5  5  5  5  5  5  5  5  5  5  5  5  5  5  5  5  5  5  5  5  5  5  5  5  5  5  5  5  5  5  5  13 9  123 124 124 124 125 0  0  0  17 19 0  0  0  0  0  0  
0  0  0  17 18 18 18 18 18 19 0  0  0  0  0  0  0  123 124 124 124 124 125 4  5  5  5  5  5  5  5  5  5  5  5  5  5  5  5  5  5  5  5  5  5  5  5  5  5  5  5  5  5  5  5  5  5  5  5  5  5  5  6  120 124 124 124 124 128 0  0  0  17 19 0  0  0  0  0  0  
0  0  14 23 18 18 18 18 18 19 0  0  0  0  0  0  0  123 124 124 124 124 125 4  5  5  5  5  5  5  5  5  5  5  5  5  5  5  5  5  5  5  5  5  5  5  5  5  5  5  5  5  5  5  5  5  5  5  5  5  5  13 9  123 124 124 124 125 0  0  0  0  17 19 0  0  0  0  0  0  
0  14 23 18 18 18 18 18 18 19 0  0  0  0  0  0  0  123 124 124 124 124 125 4  5  5  5  5  5  5  5  5  5  5  5  5  5  5  5  5  5  5  5  5  5  5  5  5  5  5  5  5  5  5  5  5  5  5  5  5  13 9  120 124 124 124 124 125 0  0  0  0  17 19 0  0  0  0  0  0  
14 23 18 18 18 18 18 18 18 19 0  0  0  0  0  0  0  123 124 124 124 124 125 7  12 5  5  5  5  5  5  5  5  5  5  5  5  5  5  5  5  5  5  5  5  5  5  5  5  5  5  5  5  5  5  5  5  5  5  13 9  120 124 124 124 124 124 128 0  0  0  0  17 19 0  0  0  0  0  0  
17 18 18 18 18 18 18 18 18 19 0  0  0  0  0  0  0  123 124 124 124 124 124 122 4  5  5  5  5  5  5  5  5  5  5  5  5  5  5  5  5  5  5  5  5  5  5  5  5  5  5  5  5  5  5  5  5  5  13 9  120 124 124 124 124 124 125 0  0  0  0  0  17 19 0  0  0  0  0  0  
17 18 18 18 18 18 18 18 18 24 16 0  0  0  0  0  0  123 124 124 124 124 124 125 4  5  5  5  5  5  5  5  5  5  5  5  5  5  5  5  5  5  5  5  5  5  5  5  5  5  5  5  5  5  5  5  13 8  9  120 124 124 124 124 124 124 128 0  0  0  0  0  17 19 0  0  0  0  0  0  
17 26 21 21 21 21 25 18 18 18 19 0  0  0  0  0  0  126 124 124 124 124 124 125 7  12 5  5  5  5  5  5  5  5  5  5  5  5  5  5  5  5  5  5  5  5  5  5  5  5  5  5  5  5  13 8  9  120 121 124 124 124 124 124 124 125 0  0  0  0  0  14 23 19 0  0  0  0  0  0  
20 22 0  0  0  0  20 21 25 18 24 16 0  0  0  0  0  0  123 124 124 124 124 124 122 4  5  5  5  5  5  5  5  5  5  5  5  5  5  5  5  5  5  5  5  5  5  5  5  5  5  5  13 8  9  120 121 124 124 124 124 124 124 124 127 128 0  0  0  0  0  17 18 19 0  0  0  0  0  0  
0  0  0  0  0  0  0  0  20 25 18 24 16 0  0  0  0  0  126 124 124 124 124 124 125 7  12 5  5  5  5  5  5  5  5  5  5  5  5  5  5  5  5  5  5  5  5  5  5  5  13 8  9  120 121 124 124 124 124 124 124 124 124 128 0  0  0  0  0  0  0  17 18 19 0  0  0  0  0  0  
0  0  0  0  0  0  0  0  0  20 25 18 19 0  0  0  0  0  0  126 124 124 124 124 124 122 7  12 5  5  5  5  5  5  5  5  5  5  5  5  5  5  5  5  5  5  5  5  13 8  9  120 121 124 124 124 124 124 124 124 124 127 128 0  0  0  0  0  0  0  0  17 18 19 0  0  0  0  0  0  
0  0  0  0  0  0  0  0  0  0  20 25 24 16 0  0  0  0  0  0  123 124 124 124 124 124 122 4  5  5  5  5  5  5  5  5  5  5  5  5  5  5  5  5  5  5  13 8  9  120 121 124 124 124 124 124 124 124 127 127 128 0  0  0  0  0  0  0  0  0  14 23 18 19 0  0  0  0  0  0  
0  0  0  0  0  0  0  0  0  0  0  20 25 24 16 0  0  0  0  0  126 124 124 124 124 124 125 7  12 5  5  5  5  5  5  5  5  5  5  5  5  5  5  5  13 8  9  120 121 124 124 124 124 124 124 124 127 128 0  0  0  0  0  0  0  0  0  0  0  0  17 18 18 19 0  0  0  0  0  0  
0  0  0  0  0  0  0  0  0  0  0  0  20 25 24 16 0  0  0  0  0  123 124 124 124 124 124 122 7  12 5  5  5  5  5  5  5  5  5  5  5  5  13 8  9  120 121 124 124 124 124 124 124 124 127 128 0  0  0  0  0  0  0  0  0  0  0  0  0  0  17 18 18 24 16 0  0  0  0  0  
0  0  0  0  0  0  0  0  0  0  0  0  0  20 25 19 0  0  0  0  0  126 124 124 124 124 124 124 122 7  8  12 5  5  5  5  5  5  5  5  13 8  9  120 121 124 124 124 124 124 124 124 127 128 0  0  0  0  0  0  0  0  0  0  0  0  0  0  0  14 23 18 18 18 19 0  0  0  0  0  
0  0  0  0  0  0  0  0  0  0  0  0  0  0  20 49 16 0  0  0  0  0  126 124 124 124 124 124 124 121 122 7  8  12 5  5  5  13 8  8  9  120 121 124 124 124 124 124 124 124 127 128 0  0  0  0  0  0  0  0  0  0  0  0  0  0  0  0  0  17 18 18 18 18 24 16 0  0  0  0  
0  0  0  0  0  0  0  0  0  0  0  0  0  0  0  17 19 0  0  0  0  0  0  126 124 124 124 124 124 124 124 121 122 7  8  8  8  9  120 121 121 124 124 124 124 124 124 124 124 128 0  0  0  0  0  0  0  0  0  0  0  0  0  0  0  0  0  0  0  20 25 18 18 18 18 24 16 0  0  0  
0  0  0  0  0  0  0  0  0  0  0  0  0  0  0  20 49 16 0  0  0  0  0  0  123 124 124 124 124 124 124 124 124 121 121 121 121 121 124 124 124 124 124 124 124 124 124 124 128 0  0  0  0  0  0  0  0  0  0  0  0  0  0  0  0  0  0  0  0  0  20 25 18 18 18 18 24 15 16 0  
0  0  0  0  0  0  0  0  0  0  0  0  0  0  0  0  17 24 16 0  0  0  0  0  126 124 124 124 124 124 124 124 124 124 124 124 124 124 124 124 124 124 124 124 124 124 124 128 0  0  0  0  0  0  0  0  0  0  0  0  0  0  0  0  0  0  0  0  0  0  0  20 21 21 25 18 18 18 24 16 
0  0  0  0  0  0  0  0  0  0  0  0  0  0  0  0  20 25 19 0  0  0  0  0  0  126 124 124 124 124 124 124 124 124 124 124 124 124 124 124 124 124 124 124 124 124 125 0  0  0  0  0  0  0  0  0  0  0  0  0  0  0  0  0  0  0  0  0  0  0  0  0  0  0  20 21 21 25 18 19 
0  0  0  0  0  0  0  0  0  0  0  0  0  0  0  0  0  17 24 16 0  0  0  0  0  0  126 124 124 124 124 124 124 124 124 124 124 124 124 124 124 124 124 124 124 124 125 0  0  0  0  0  0  0  0  0  0  0  0  0  0  0  0  0  0  0  0  0  0  0  0  0  0  0  0  0  0  20 21 22 
0  0  0  0  0  0  0  0  0  0  0  0  0  0  0  0  0  17 18 19 0  0  0  0  0  0  0  123 124 124 124 124 124 124 124 124 124 124 124 124 124 124 124 124 124 124 125 0  0  0  0  0  0  0  0  0  0  0  0  0  0  0  0  0  0  0  0  0  0  0  0  0  0  0  0  0  0  0  0  0  
0  0  0  0  0  0  0  0  0  0  0  0  0  0  0  0  0  17 18 24 16 0  0  0  0  0  0  126 124 124 124 124 124 124 124 124 124 124 124 124 124 124 124 124 124 124 125 0  0  0  0  0  0  0  0  0  0  0  0  0  0  0  0  0  0  0  0  0  0  0  0  0  0  0  0  0  0  0  0  0  
0  0  0  0  0  0  0  0  0  0  0  0  0  0  0  0  0  17 18 18 19 0  0  0  0  0  0  0  123 124 124 124 124 124 124 124 124 124 124 124 124 124 124 124 124 124 125 0  0  0  0  0  0  0  0  0  0  0  0  0  0  0  0  0  0  0  0  0  0  0  0  0  0  0  0  0  0  0  0  0  
0  0  0  0  0  0  0  0  0  0  0  0  0  0  0  0  0  17 18 18 19 0  0  0  0  0  0  0  126 124 124 124 124 124 124 124 124 124 124 124 124 124 124 124 124 124 124 122 0  0  0  0  0  0  0  0  0  0  0  0  0  0  0  0  0  0  0  0  0  0  0  0  0  0  0  0  0  0  0  0  
0  0  0  0  0  0  0  0  0  0  0  0  0  0  0  0  0  17 18 18 19 0  0  0  0  0  0  0  0  123 124 124 124 124 124 124 124 124 124 124 124 124 124 124 124 124 124 124 121 122 0  0  0  0  0  0  0  0  0  0  0  0  0  0  0  0  0  0  0  0  0  0  0  0  0  0  0  0  0  0  
0  0  0  0  0  0  0  0  0  0  0  0  0  0  0  0  0  17 18 26 22 0  0  0  0  0  0  0  0  123 124 124 124 124 124 124 124 124 124 124 124 124 124 124 124 124 124 124 124 124 121 121 122 0  0  0  0  0  0  0  0  0  0  0  0  0  0  0  0  0  0  0  0  0  0  0  0  0  0  0  
0  0  0  0  0  0  0  0  0  0  0  0  0  0  0  0  14 23 18 19 0  0  0  0  0  0  0  0  120 124 124 124 124 124 124 124 124 124 124 124 124 124 124 124 124 124 124 124 124 124 124 124 124 121 121 121 121 121 122 0  0  0  0  0  0  0  0  0  0  0  0  0  0  0  0  0  0  0  0  0  
0  0  0  0  0  0  0  0  0  0  0  0  0  0  0  14 23 18 26 22 0  0  0  0  0  0  0  0  123 124 124 124 124 124 124 124 124 124 124 124 124 124 124 124 124 124 124 124 124 124 124 124 124 124 124 124 124 124 124 121 121 121 121 121 121 121 121 121 121 121 122 0  0  0  0  0  0  0  0  0  
0  0  0  0  0  0  0  0  0  0  0  0  0  0  14 23 18 26 22 0  0  0  0  0  0  0  0  120 124 124 124 124 124 124 124 124 124 124 124 124 124 124 124 124 124 124 124 124 124 124 124 124 124 124 124 124 124 124 124 124 124 124 124 124 124 124 124 124 124 124 124 121 122 0  0  0  0  0  0  0  
0  0  0  0  0  0  0  0  0  0  0  0  0  14 23 26 21 22 0  0  0  0  0  0  0  0  120 124 124 124 124 124 124 124 124 124 124 124 124 124 124 124 124 124 124 124 124 124 124 124 124 124 124 124 124 124 124 124 124 124 124 124 124 124 124 124 124 124 124 124 124 124 124 122 0  0  0  0  0  0  
0  0  0  0  0  0  0  0  0  0  0  14 15 23 21 22 0  0  0  0  0  0  0  0  0  120 124 124 124 124 124 124 124 124 124 124 124 124 124 124 124 124 124 124 124 124 124 124 124 124 124 124 124 124 124 124 124 124 124 124 124 124 124 124 124 124 124 124 124 124 124 124 124 124 122 0  0  0  0  0  
0  0  0  0  0  0  0  0  0  14 15 23 21 22 0  0  0  0  0  0  0  0  0  0  120 124 124 124 124 124 124 124 124 124 124 124 124 124 124 124 124 124 127 127 127 127 127 127 127 127 124 124 124 124 124 124 124 124 124 124 124 124 124 124 124 124 124 124 124 124 124 124 124 124 125 0  0  0  0  0  
0  0  0  0  0  0  14 15 15 23 21 22 0  0  0  0  0  0  0  0  0  0  120 121 124 124 124 124 124 124 124 124 124 124 124 124 124 124 127 127 127 128 1  2  2  2  2  2  2  3  126 127 127 127 127 127 127 127 124 124 124 124 124 124 124 124 124 124 124 124 124 124 124 124 125 0  0  0  0  0  
14 15 15 15 15 15 23 21 21 22 0  0  0  0  0  0  0  0  0  0  0  120 124 124 124 124 124 124 124 124 124 124 124 124 124 127 127 128 1  2  2  2  10 5  5  5  5  5  5  11 2  2  2  2  2  2  2  3  126 127 127 124 124 124 124 124 124 124 124 124 124 124 124 124 125 0  0  0  0  0  
17 18 18 26 21 21 22 0  0  0  0  0  0  0  0  0  0  0  0  120 121 124 124 124 124 124 124 124 124 124 124 124 124 127 128 1  2  2  10 5  5  5  5  5  5  5  5  5  5  5  5  5  5  5  5  5  5  11 2  2  3  126 127 124 124 124 124 124 124 124 124 124 124 124 125 0  0  0  0  0  
20 21 21 22 0  0  0  0  0  0  0  0  0  0  0  0  120 121 121 124 124 124 124 124 124 124 124 124 124 124 127 127 128 1  2  10 5  5  5  5  5  5  5  5  5  5  5  5  5  5  5  5  5  5  5  5  5  5  5  5  11 2  3  126 124 124 124 124 124 124 124 124 124 124 125 0  0  0  0  0  
0  0  0  0  0  0  0  0  0  0  0  0  0  0  120 121 124 124 124 124 124 124 124 124 124 124 124 124 127 128 1  2  2  10 5  5  5  5  5  5  5  5  5  5  5  5  5  5  5  5  5  5  5  5  5  5  5  5  5  5  5  5  11 3  126 124 124 124 124 124 124 124 124 124 125 0  0  0  0  0  
0  0  0  0  0  0  0  0  0  0  0  0  120 121 124 124 124 124 124 124 124 124 124 124 124 127 127 128 1  2  10 5  5  5  5  5  5  5  5  5  5  5  5  5  5  5  5  5  5  5  5  5  5  5  5  5  5  5  5  5  5  5  5  11 3  126 124 124 124 124 124 124 124 124 125 0  0  0  0  0  
0  0  0  0  0  0  0  0  0  120 121 121 124 124 124 124 124 124 124 124 124 124 127 127 128 1  2  2  10 5  5  5  5  5  5  5  5  5  5  5  5  5  5  5  5  5  5  5  5  5  5  5  5  5  5  5  5  5  5  5  5  5  5  5  11 3  123 124 124 124 124 124 124 124 125 0  0  0  0  0  
0  0  0  0  0  0  0  120 121 124 124 124 124 124 124 124 124 124 124 124 127 128 1  2  2  10 5  5  5  5  5  5  5  5  5  5  5  5  5  5  5  5  5  5  5  5  5  5  5  5  5  5  5  5  5  5  5  5  5  5  5  5  5  5  5  6  126 124 124 124 124 124 124 124 125 0  0  0  0  0  
0  0  0  0  0  120 121 124 124 124 124 124 124 124 124 124 124 127 127 128 1  2  10 5  5  5  5  5  5  5  5  5  5  5  5  5  5  5  5  5  5  5  5  5  5  5  5  5  5  5  5  5  5  5  5  5  5  5  5  5  5  5  5  5  5  11 3  123 124 124 124 124 124 124 125 0  0  0  0  0  
0  0  0  0  120 124 124 124 124 124 124 124 124 124 124 127 128 1  2  2  10 5  5  5  5  5  5  5  5  5  5  5  5  5  5  5  5  5  5  5  5  5  5  5  5  5  5  5  5  5  5  5  5  5  5  5  5  5  5  5  5  5  5  5  5  5  6  126 124 124 124 124 124 124 125 0  0  0  0  29 
0  0  0  120 124 124 124 124 124 124 124 124 124 127 128 1  2  10 5  5  5  5  5  5  5  5  5  5  5  5  5  5  5  5  5  5  5  5  5  5  5  5  5  5  5  5  5  5  5  5  5  5  5  5  5  5  5  5  5  5  5  5  5  5  5  5  11 3  123 124 124 124 124 124 125 0  0  0  0  27 
0  120 121 124 124 124 124 124 124 124 124 127 128 1  2  10 5  5  5  5  5  5  5  5  5  5  5  5  5  5  5  5  5  5  5  5  5  5  5  5  5  5  5  5  5  5  5  5  5  5  5  5  5  5  5  5  5  5  5  5  5  5  5  5  5  5  5  6  126 124 124 124 124 124 125 0  0  0  0  0  
120 124 124 124 124 124 124 124 124 124 128 1  2  10 5  5  5  5  5  5  5  5  5  5  5  5  5  5  5  5  5  5  5  5  5  5  5  5  5  5  5  5  5  5  5  5  5  5  5  5  5  5  5  5  5  5  5  5  5  5  5  5  5  5  5  5  5  11 3  123 124 124 124 124 125 0  0  0  0  0  
123 124 124 124 124 124 124 124 124 128 1  10 5  5  5  5  5  5  5  5  5  5  5  5  5  5  5  5  5  5  5  5  5  5  5  5  5  5  5  5  5  5  5  5  5  5  5  5  5  5  5  5  5  5  5  5  5  5  5  5  5  5  5  5  5  5  5  5  6  126 124 124 124 124 124 122 0  0  0  0  
123 124 124 124 124 124 124 124 128 1  10 5  5  5  5  5  5  5  5  5  5  5  5  5  5  5  5  5  5  5  5  5  5  5  5  5  5  5  5  5  5  5  5  5  5  5  5  5  5  5  5  5  5  5  5  5  5  5  5  5  5  5  5  5  5  5  5  5  11 3  123 124 124 124 124 125 0  0  0  0  
123 124 124 124 124 124 124 128 1  10 5  5  5  5  5  5  5  5  5  5  5  5  5  5  5  5  5  5  5  5  5  5  5  5  5  5  5  5  5  5  5  5  5  5  5  5  5  5  5  5  5  5  5  5  5  5  5  5  5  5  5  5  5  5  5  5  5  5  5  6  126 124 124 124 124 124 122 0  0  0  
123 124 124 124 124 124 128 1  10 5  5  5  5  5  5  5  5  5  5  5  5  5  5  5  5  5  5  5  5  5  5  5  5  5  5  5  5  5  5  5  5  5  5  5  5  5  5  5  5  5  5  5  5  5  5  5  5  5  5  5  5  5  5  5  5  5  5  5  5  11 3  126 124 124 124 124 124 122 0  0  
123 124 124 124 124 128 1  10 5  5  5  5  5  5  5  5  5  5  5  5  5  5  5  5  5  5  5  5  5  5  5  5  5  5  5  5  5  13 8  8  8  8  8  12 5  5  5  5  5  5  5  5  5  5  5  5  5  5  5  5  5  5  5  5  5  5  5  5  5  5  11 3  126 124 124 124 124 125 0  0  
123 124 124 124 128 1  10 5  5  5  5  5  5  5  5  5  5  5  5  5  5  5  5  5  5  5  5  5  5  5  5  5  5  5  5  13 8  9  120 121 121 121 122 7  8  12 5  5  5  5  5  5  5  5  5  5  5  5  5  5  5  5  5  5  5  5  5  5  5  5  5  11 3  126 124 124 124 124 122 0  
129 128 128 128 17 44 8  8  8  8  8  8  8  8  8  8  8  8  8  8  8  8  8  8  8  8  8  8  8  8  8  8  8  8  8  9  135 134 128 128 128 128 128 134 134 7  8  8  8  8  8  8  8  8  8  8  8  8  8  8  8  8  8  8  8  8  8  8  8  8  8  8  22 15 129 128 128 128 128 134