0  0  0  0  30 31 0  0  0  0  0  0  0  0  0  0  0  0  0  14 16 0  0  0  0  0  0  1  2  2  2  2  2  2  2  2  2  2  2  2  42 41 15 0  0  0  0  0  0  0  0  0  0  0  0  17 25 2  2  2  2  2  3  
0  0  0  0  0  32 31 0  0  0  0  0  t1 t1 t1 t1 0  0  0  17 19 0  0  0  0  0  0  7  12 5  5  5  5  5  5  5  5  5  5  5  6  0  0  0  0  0  0  0  0  0  0  0  0  0  0  0  4  5  5  5  5  5  6  
0  0  0  0  0  0  32 31 0  0 t1  0  0  0 t1 t1  0 t1  0  17 19 0  0  0  0  0  0  0  7  8  12 5  5  5  5  5  5  5  5  5  6  0  0  0  0  0  0  0  0  0  0  0  0  0  0  0  4  5  5  5  5  5  6  
0  0  0  0  0  0  0  32 31 0  0  0  0 t1 t1 t1  0  0  0  17 19 0  0  0  0  0  0  0  0  0  7  12 5  5  5  5  5  5  5  5  11 2  3  0  0  0  29 0  0  0  0  0  0  0  0  17 44 12 5  5  5  5  6  
0  0  0  0  0  0  0  0  53 0  0  0  0 t1  0  0  0 b2  0  17 19 0  0  0  0  0  0  0  0  0  0  7  12 5  5  5  5  5  5  5  5  13 9  0  0  30 34 0  0  0  0  0  0  0  0  0  0  7  12 5  5  5  6  
0  0  0  0  0  33 54 54 39 54 31 0  0  0 b1  0  b1 0  0  17 19 0  0  0  0  0  0  0  0  0  0  0  7  8  8  8  12 5  5  5  5  6  0  29 0  0  0  0  0  30 31 0  0  0  0  0  0  0  4  5  5  5  6  
30 54 54 54 54 34 0  0  0  0  32 54 54 54 54 54 54 54 54 57 35 54 54 31 0  0  0  0  0  0  0  0  0  0  0  0  7  8  8  8  8  9  0  27 0  0  0  0  0  0  42 54 28 0  0  0  0  1  10 5  5  5  6  
0  0  0  0  0  0  0  0  0  0  0  0  0  0  0  0  0  0  0  0  0  0  0  32 31 0  0  0  0  0  0  0  0  0  0  0  29 0  0  0  0  0  52 0  0  0  29 0  0  30 34 0  0  0  0  1  2  10 5  5  5  5  6  
0  0  0  0  0  0  0  0  0  0  0  0  0  0  0  0  0  0 b1  0  0  0  0  0  53 0  0  0  0  0  29 0  52 0  0  0  27 0  0  0  0  0  0  0  0  0  32 31 0  0  0  30 31 0  0  4  5  5  5  5  5  5  6  
0  0  0  0  0  0  0  0  0  h1  0  0  1  2  3  0  b2 b2 b1  0  0  0  0  0  32 31 0  0  0  0  27 0  0  0  0  52 0 52 0  0  0  0  0  0  0  0  0  32 31 0  0  0  53 0  0  7  8  12 5  5  5  5  6  
0  0  0  0  0  0  0  0  0  0  0  1  10 13 9  0  0  0  0  0  0  0  0  0  0  58 16 0  0  0  0  0  0  0  0  0  52 0  0  0  0  0  0  0  0  0  0  0  32 28 0  0  27 0  0  0  0  4  5  5  5  5  6  
0  0  0  1  3  0  0  0  0  0  17 31 5  6  0  0  0  0  0  0  0  0  0  0  0  20 35 54 38 15 16 0  0  0  0  0  0  0  0  0  0  0  0  0  0  0  0  0  0  0  0  0  0  0  0  0  0  7  8  8  12 13 9  
0  0  1  10 11 3  0  0  0  0  0  7  8  9  0  0  0  0  0  0  0  0  0  0  0  0  0  0  20 21 56 0  0  0  0  0  0  0  0  0  0  0  0  0  0  0  0  0  0  0  0  0  0  0  0  0  0  0  0  0  4  6  0  
0  0  7  8  8  9  0  0  0  0  0  0  0  0  0  0  0  0  0  0  0  0  0  0  0  0  0  0  0  0  58 55 28 0  0  0  0  0  0  0  0  0  0  0  0  0  0  0  0  0  0  0  0  0  0  0  0  0  0  0  7  9  0  
0  0  0  0  0  0  0  0  0  0  0  0  0  0  0  0  0  0  0  0  0  0  0  0  0  0  0  0  0  0  17 19 0  0  0  0  0  0  0  0  0  0  0  0  0  0  0  0  0  0  0  0  0  0  0  0  0  0  0  0  0  0  0  
0  0  0  0  0  0  0  0  0  0  0  1  2  42 15 0  0  0  0  0  0  0  0  0  0  14 16 0  0  0  37 22 0  0  0  0  0  0  0  0  0  0  0  0  0  0  0  0  0  0  0  0  0  0  0  0  0  1  2  2  2  2  3  
0  0  0  1  3  0  0  0  0  0  17 31 5  6  0  0  0  0  0  0  0  0  0  0  0  20 35 54 38 15 36 0  0  0  0  0  0  0  0  0  0  0  0  0  0  0  0  0  0  0  0  0  0  0  0  0  0  7  8  12 5  13 9  
0  0  1  10 11 3  0  0  0  0  0  7  8  9  0  0  0  0  0  0  0  0  0  0  0  0  0  0  20 21 56 0  0  0  0  0  0  0  0  0  0  0  0  0  0  0  0  0  0  0  0  0  0  0  0  0  0  0  0  7  12 6  0  
0  0  7  8  8  9  0  0  0  0  0  0  0  0  0  0  0  0  0  0  0  0  0  0  0  0  0  0  0  0  32 54 54 54 28 0  0  0  0  0  0  0  0  0  0  0  0  0  0  0  0  0  0  0  0  0  0  0  0  0  7  9  0  
0  0  0  0  0  0  0  0  0  0  0  0  0  0  0  0  0  0  0  0  0  0  0  0  0  0  0  0  0  0  0  0  0  0  0  0  0  0