0 0 0 0 0 0 0 0 0 0 0 0 0 0 0 0 0 0 0 0 0 0 0 0 0 0 0 0 0 0 0 0 0 0 0 0 0 0 0 0 0 0 0 0 0 0 0 0 0 0 0 0 0 0 0 0 0 0 0 0 0 0 0 0 0 0 0 0 0 0 0 0 0 0 0 0 0 0 0 0 0 0 0 0 0 0 0 0 0 0 0 0 0 0 0 0 0 0 0 0 0 0 0 0 0 0 0 0 0 0 0 0 0 0 
0 0 0 0 0 0 0 0 0 0 0 0 0 0 0 0 0 0 0 0 0 0 0 0 0 0 0 0 0 0 0 0 0 0 0 0 0 0 0 0 0 0 0 0 0 0 0 0 0 0 0 0 0 0 0 0 0 0 0 0 0 0 0 0 0 0 0 0 0 0 0 0 0 0 0 0 0 0 0 0 0 0 0 0 0 0 0 0 0 0 0 0 0 0 0 0 0 0 0 0 0 0 0 0 0 0 0 0 0 0 0 0 0 0 
0 0 0 0 0 0 0 0 0 0 0 0 0 0 0 0 0 0 0 0 0 0 0 0 0 0 0 0 0 0 0 0 0 0 0 0 0 0 0 0 0 0 0 0 0 0 0 0 0 0 0 0 0 0 0 0 0 0 0 0 0 0 0 0 0 0 0 0 0 0 0 0 0 0 0 0 0 0 0 0 0 0 0 0 0 0 0 0 0 0 0 0 0 0 0 0 0 0 0 0 0 0 0 0 0 0 0 0 0 0 0 0 0 0 
0 0 0 0 0 0 0 0 0 0 0 0 0 0 0 0 0 0 0 0 0 0 0 0 0 0 0 0 0 0 0 0 0 0 0 0 0 0 0 0 0 0 0 0 0 0 0 0 0 0 0 0 0 0 0 0 0 0 0 0 0 0 0 0 0 0 0 0 0 0 0 0 0 0 0 0 0 0 0 0 0 0 0 0 0 0 0 0 0 0 0 0 0 0 0 0 0 0 0 0 0 0 0 0 0 0 0 0 0 0 0 0 0 0 
0 0 0 0 0 0 0 0 0 0 0 0 0 0 0 0 0 0 0 0 0 0 0 0 0 0 0 0 0 0 0 0 0 0 0 0 0 0 0 0 0 0 0 0 0 0 0 0 0 0 0 0 0 0 0 0 0 0 0 0 0 0 0 0 0 0 0 0 0 0 0 0 0 0 0 0 0 0 0 0 0 0 0 0 0 0 0 0 0 0 0 0 0 0 0 0 0 0 0 0 0 0 0 0 0 0 0 0 0 0 0 0 0 0 
0 0 0 0 0 0 0 0 0 0 0 0 0 0 0 0 0 W2 W2 W2 W2 W2 W2 0 0 0 0 0 0 0 0 0 0 0 0 0 0 0 0 0 0 0 0 0 0 0 0 0 0 0 0 0 0 0 0 0 0 0 0 0 0 0 0 0 0 0 0 0 0 0 0 0 0 0 0 0 0 0 0 0 0 0 0 0 0 0 0 0 0 0 0 0 0 0 0 0 0 0 0 0 0 0 0 0 0 0 0 0 0 0 0 0 0 0 
0 0 0 0 0 0 0 0 0 0 0 0 0 0 0 0 0 W2 F F F F W2 0 0 0 0 0 0 0 0 0 0 0 0 0 0 0 0 0 0 0 0 0 0 0 0 0 0 0 0 0 0 0 0 0 0 0 0 0 0 0 0 0 0 0 0 0 0 0 0 0 0 0 0 0 0 0 0 0 0 0 0 0 0 0 0 0 0 0 0 0 0 0 0 0 0 0 0 0 0 0 0 0 0 0 0 0 0 0 0 0 0 0 
0 0 0 0 0 0 0 0 0 0 0 0 0 0 0 0 0 W2 F F F F W2 0 0 0 0 0 0 0 0 0 0 0 0 0 0 0 0 0 0 0 0 0 0 0 0 0 0 0 0 0 0 0 0 0 0 0 0 0 0 0 0 0 0 0 0 0 0 0 0 0 0 0 0 0 0 0 0 0 0 0 0 0 0 0 0 0 0 0 0 0 0 0 0 0 0 0 0 0 0 0 0 0 0 0 0 0 0 0 0 0 0 0 
0 0 0 0 0 0 0 W W W W W W W W W W W2 F F F F W2 0 0 0 0 0 0 0 0 0 0 0 0 0 0 0 0 0 0 0 0 0 0 0 0 0 0 0 0 0 0 0 0 0 0 0 0 0 0 0 0 0 0 0 0 0 0 0 0 0 W2 W2 W2 W2 W2 W2 W2 W2 W2 W2 0 0 0 0 0 0 0 0 0 0 0 0 0 0 0 0 0 0 0 0 0 0 0 0 0 0 0 0 0 0 0 0 
0 0 0 0 0 0 W2 W2 W2 W2 F F F F F F F W2 F F F F W2 0 0 0 0 0 0 0 0 0 0 0 0 0 0 0 0 0 0 0 0 0 0 0 0 0 0 0 0 0 0 0 0 0 0 0 0 0 0 0 0 0 0 0 0 0 0 0 0 0 W2 F F F F F F F F W2 0 0 0 0 0 0 0 0 0 0 0 0 0 0 0 0 0 0 0 0 0 0 0 0 0 0 0 0 0 0 0 0 
0 0 0 0 0 0 W2 F F D F F F F F F F D F F F F W2 0 0 0 0 0 0 0 0 0 0 0 0 0 0 0 0 0 0 0 0 0 0 0 0 0 0 0 0 0 0 0 0 0 0 0 0 0 0 0 0 0 0 0 0 0 0 0 0 0 W2 F F F F F F F F W2 0 0 0 0 0 0 0 0 0 0 0 0 0 0 0 0 0 0 0 0 0 0 0 0 0 0 0 0 0 0 0 0 
0 0 0 0 0 0 W2 F F D F F F F F F F W2 F F F F W2 0 0 0 0 0 0 0 0 0 0 0 0 0 0 0 0 0 0 0 0 0 0 0 0 0 0 0 0 0 0 0 0 0 0 0 0 0 0 0 0 0 0 0 0 0 0 W W W W2 F F F F F F F F W2 0 0 0 0 0 0 0 0 0 0 0 0 0 0 0 0 0 0 0 0 0 0 0 0 0 0 0 0 0 0 0 0 
0 0 0 0 0 0 W2 F F D F W W W W W W W2 F F F F W2 0 0 0 0 0 0 0 0 0 0 0 0 0 0 0 0 0 0 0 0 0 0 0 0 0 0 0 0 0 0 0 0 0 0 0 0 0 0 0 0 0 0 0 0 0 0 W F F W2 F F F F F F F F W2 0 0 0 0 0 0 0 0 0 0 0 0 0 0 0 0 0 0 0 0 0 0 0 0 0 0 0 0 0 0 0 0 
0 0 0 0 0 0 W2 F F D F W 0 0 0 W F W2 F F F F W2 0 0 0 0 0 0 0 0 0 0 0 0 0 0 0 0 0 0 0 0 0 0 0 0 0 0 0 0 0 0 0 0 0 0 0 0 0 0 0 0 0 0 0 0 0 0 W F F D F F F F F F F F W2 0 0 0 0 0 0 0 0 0 0 0 0 0 0 0 0 0 0 0 0 0 0 0 0 0 0 0 0 0 0 0 0 
0 0 0 0 0 0 W2 F F D F W 0 0 0 W F D F F F F W2 0 0 0 0 0 0 0 0 0 0 0 0 0 0 0 0 0 0 0 0 0 0 0 0 0 0 0 0 0 0 0 0 0 0 0 0 0 0 0 0 0 0 0 0 0 0 W F F W2 W2 W2 W2 W2 W2 W2 W2 W2 W2 0 0 0 0 0 0 0 0 0 0 0 0 0 0 0 0 0 0 0 0 0 0 0 0 0 0 0 0 0 0 0 0 
0 0 0 0 0 0 W2 F F D F W 0 0 0 W F D W2 W2 D W2 W2 0 0 0 0 0 0 0 0 0 0 0 0 0 0 0 0 0 0 0 0 0 0 0 0 0 0 0 0 0 0 0 0 0 0 0 0 0 0 0 0 0 0 0 0 0 0 W F F F W W W W W W W 0 0 0 0 0 0 0 0 0 0 0 0 0 0 0 0 0 0 0 0 0 0 0 0 0 0 0 0 0 0 0 0 0 0 
0 0 0 0 0 0 W2 F F D F W 0 0 0 W F F F F F F W 0 0 0 0 0 0 0 0 0 0 0 0 0 0 0 0 0 0 0 0 0 0 0 0 0 0 0 0 0 0 0 0 0 0 0 0 0 0 0 0 0 0 0 0 0 0 W F F F W 0 0 0 0 0 0 0 0 0 0 0 0 0 0 0 0 0 0 0 0 0 0 0 0 0 0 0 0 0 0 0 0 0 0 0 0 0 0 0 0 
0 0 0 0 0 0 W2 F F D F W 0 0 0 W F F F F F F W 0 0 0 0 0 0 0 0 0 0 0 0 0 0 0 0 0 0 0 0 0 0 0 0 0 0 0 0 0 0 0 0 0 0 0 0 0 0 0 0 0 0 0 0 0 0 W F F F W 0 0 0 0 0 0 0 0 0 0 0 0 0 0 0 0 0 0 0 0 0 0 0 0 0 0 0 0 0 0 0 0 0 0 0 0 0 0 0 0 
0 0 0 0 0 0 W2 F F D F W 0 0 0 W F F F F F F W 0 0 0 0 0 0 0 0 0 0 0 0 0 0 0 0 0 0 0 0 0 0 0 0 0 0 0 0 0 0 0 0 0 0 0 0 0 0 0 0 0 0 0 0 0 0 W F F F W 0 0 0 0 0 0 0 0 0 0 0 0 0 0 0 0 0 0 0 0 0 0 0 0 0 0 0 0 0 0 0 0 0 0 0 0 0 0 0 0 
0 0 0 0 0 0 W2 F F D F W 0 0 0 W F F F F F F W W W W W W 0 0 0 0 0 0 0 0 0 W2 W2 W2 W2 W2 W2 W2 W2 W2 W2 W2 W2 W2 W2 W2 W2 W2 W2 W2 W2 W2 W2 0 0 0 0 0 0 0 0 0 0 W F F F W 0 0 0 0 0 0 0 0 0 0 0 0 0 0 0 0 0 0 0 0 0 0 0 0 0 0 0 0 0 0 0 0 0 0 0 0 0 0 0 0 
0 0 0 0 0 0 W2 F F W2 F W 0 0 0 W F F F F D W2 W2 W2 W2 W2 W2 W2 W2 W2 0 0 0 0 0 0 0 W2 F F F F F F F F F F F F F F F F F F F F W2 0 0 0 0 0 0 0 0 0 0 W F F F W 0 0 0 0 0 0 0 0 0 0 0 0 0 0 0 0 0 0 0 0 0 0 0 0 0 0 0 0 0 0 0 0 0 0 0 0 0 0 0 0 
0 0 0 0 0 0 W2 F F W2 W W 0 0 0 W F F F F D F F F F F F F F W2 0 0 0 0 0 0 0 W2 F F F F F F F F F F F F F F F F F F F F W2 0 0 0 0 0 0 0 0 0 0 W F F F W 0 0 0 0 0 0 0 0 0 0 0 0 0 0 0 0 0 0 0 0 0 0 0 0 0 0 0 0 0 0 0 0 0 0 0 0 0 0 0 0 
0 0 0 0 0 0 W2 F F W2 0 0 0 0 0 W F F F F W2 F F F F F F F F W2 0 0 0 0 0 0 0 W2 W2 W2 W2 W2 W2 D D D D D D W2 W2 W2 W2 W2 W2 W2 W2 W2 W2 0 0 0 0 0 0 0 0 0 0 W F F F W 0 0 0 0 0 0 0 0 0 0 0 0 0 0 0 0 0 0 0 0 0 0 0 0 0 0 0 0 0 0 0 0 0 0 0 0 0 0 0 0 
0 0 0 0 0 0 W2 F F W2 0 0 0 0 0 W F F F W W2 F F F F F F F F W2 W 0 0 0 0 0 0 0 0 0 0 W F F F F F F F F W 0 0 0 0 0 0 0 0 0 0 0 0 0 0 0 0 0 0 W F F F W 0 0 0 0 0 0 0 0 0 0 0 0 0 0 0 0 0 0 0 0 0 0 0 0 0 0 0 0 0 0 0 0 0 0 0 0 0 0 0 0 
0 0 0 0 0 0 W2 F F W2 0 0 0 0 0 W F F F W W2 F F F F F F F F W2 W 0 0 0 0 0 0 0 0 0 0 W F F F W W W W W W 0 0 0 0 0 0 0 0 0 0 0 0 0 0 0 0 0 0 W F F F W 0 0 0 0 0 0 0 0 0 0 0 0 0 0 0 0 0 0 0 0 0 0 0 0 0 0 0 0 0 0 0 0 0 0 0 0 0 0 0 0 
0 0 0 0 0 0 W2 F F W2 0 0 0 0 0 W F F F W W2 F F F F F F F F W2 W 0 0 0 0 0 0 0 0 0 0 W F F F W 0 0 0 0 0 0 0 0 0 0 0 0 0 0 0 0 0 0 0 0 0 0 0 W F F F W 0 0 0 0 0 0 0 0 0 0 0 0 0 0 0 0 0 0 0 0 0 0 0 0 0 0 0 0 0 0 0 0 0 0 0 0 0 0 0 0 
0 0 0 0 0 0 W2 F F W2 0 W W W W W F F F W W2 F F F F F F F F W2 W 0 0 0 0 0 0 0 0 0 0 W F F F W 0 0 0 0 0 0 0 0 0 0 0 0 0 0 0 0 0 0 0 0 0 0 0 W F F F W 0 0 0 0 0 0 0 0 0 0 0 0 0 0 0 0 0 0 0 0 0 0 0 0 0 0 0 0 0 0 0 0 0 0 0 0 0 0 0 0 
0 0 0 0 0 0 W2 F F W2 0 W F F F F F F F F W2 F F F F F F F F W2 W 0 0 0 0 0 0 0 0 0 0 W F F F W 0 0 0 0 0 0 0 0 0 0 0 0 0 0 0 0 0 0 0 0 0 0 0 W F F F W 0 0 0 0 0 0 0 0 0 0 0 0 0 0 0 0 0 0 0 0 0 0 0 0 0 0 0 0 0 0 0 0 0 0 0 0 0 0 0 0 
0 0 0 0 0 0 W2 W2 W2 W2 0 W F F F F F F F F D F F F F F F F F W2 W 0 0 0 0 0 0 0 0 0 0 W F F F W 0 0 0 0 0 0 0 0 0 0 0 0 0 0 0 0 0 0 0 0 0 0 0 W F F F W 0 0 0 0 0 0 0 0 0 0 0 0 0 0 0 0 0 0 0 0 0 0 0 0 0 0 0 0 0 0 0 0 0 0 0 0 0 0 0 0 
0 0 0 0 0 0 0 0 0 0 0 W F F F F F F F F W2 W2 W2 W2 W2 W2 W2 W2 D W2 W 0 0 0 0 0 0 0 0 0 0 W F F F W 0 0 0 0 0 0 0 0 0 0 0 0 0 0 0 0 0 0 0 0 0 0 0 W F F F W 0 0 0 0 0 0 0 0 0 0 0 0 0 0 0 0 0 0 0 0 0 0 0 0 0 0 0 0 0 0 0 0 0 0 0 0 0 0 0 0 
0 0 0 0 0 0 0 0 0 0 0 W F F F W F F F W W W W W W W W F F F W 0 0 0 0 0 0 0 0 0 0 W F F F W 0 0 0 0 0 0 0 0 0 0 0 0 0 0 0 0 0 0 0 0 0 W2 W2 W2 W2 D W2 W2 W2 W2 0 0 0 0 0 0 0 0 0 0 0 0 0 0 0 0 0 0 0 0 0 0 0 0 0 0 0 0 0 0 0 0 0 0 0 0 0 0 
0 0 0 0 0 0 0 0 0 0 0 W F F F W F F F W 0 0 0 0 0 0 W F F F W 0 0 0 0 0 0 0 0 0 0 W F F F W 0 0 0 0 0 0 0 0 0 0 0 0 0 0 0 0 0 0 0 0 0 W2 F F F F F F F W2 0 0 0 0 0 0 0 0 0 0 0 0 0 0 0 0 0 0 0 0 0 0 0 0 0 0 0 0 0 0 0 0 0 0 0 0 0 0 
0 0 0 0 0 0 0 0 0 0 0 W2 W2 D W2 W2 W2 D W2 W2 W2 W2 W2 0 0 0 W F F F W 0 0 0 0 0 0 0 0 0 0 W F F F W 0 0 0 0 0 0 0 0 0 0 0 0 0 0 0 0 0 0 0 0 0 W2 F F F F F F F W2 0 0 0 0 0 0 0 0 0 0 0 0 0 0 0 0 0 0 0 0 0 0 0 0 0 0 0 0 0 0 0 0 0 0 0 0 0 0 
0 0 0 0 0 0 0 0 0 0 0 W2 F F F F F F F F F F W2 0 0 0 W F F F W 0 0 0 0 0 0 0 0 0 0 W F F F W 0 0 0 0 0 0 0 0 0 0 0 0 0 0 0 0 0 0 0 0 0 W2 F F F F F F F W2 0 0 0 0 0 0 0 0 0 0 0 0 0 0 0 0 0 0 0 0 0 0 0 0 0 0 0 0 0 0 0 0 0 0 0 0 0 0 
0 0 0 0 0 0 0 0 0 0 0 W2 F F F F F F F F F F W2 0 0 0 W F F F W 0 0 0 0 0 0 0 0 0 0 W F F F W 0 0 0 0 0 0 0 0 0 0 0 0 0 0 0 0 0 0 0 0 0 W2 F F F F F F F W2 0 0 0 0 0 0 0 0 0 0 0 0 0 0 0 0 0 0 0 0 0 0 0 0 0 0 0 0 0 0 0 0 0 0 0 0 0 0 
0 0 0 0 0 0 0 0 0 0 0 W2 F F F F F F F F F F W2 0 0 0 W F F F W 0 0 0 0 0 0 0 0 0 0 W F F F W 0 0 0 0 0 0 0 0 0 0 W2 W2 W2 W2 W2 W2 W W W W W W2 F F F F F F F W2 W W W W W W W W W 0 0 0 0 0 0 0 0 0 0 0 0 0 0 0 0 0 0 0 0 0 0 0 0 0 0 0 0 0 
0 0 0 0 0 0 0 0 0 0 0 W2 F F F F F F F F F F W2 0 0 0 W F F F W 0 0 0 0 0 0 0 0 0 W2 W2 W2 D W2 W2 W2 0 0 0 0 0 0 0 0 0 W2 F F F F W2 F F F F F W2 F F F F F F F W2 F F F F F F F F W 0 0 0 0 0 0 0 0 0 0 0 0 0 0 0 0 0 0 0 0 0 0 0 0 0 0 0 0 0 
0 0 0 0 0 0 0 0 0 0 0 W2 F F F F F F F F F F W2 0 0 0 W F F F W 0 0 0 0 0 0 0 0 0 W2 F F F F F W2 0 0 0 0 0 0 0 0 0 W2 F F F F D F F F F F D F F F F F F F D F F F F F F F F W 0 0 0 0 0 0 0 0 0 0 0 0 0 0 0 0 0 0 0 0 0 0 0 0 0 0 0 0 0 
0 0 0 0 0 0 0 0 0 0 0 W2 F F F F F F F F F F W2 W W W W F F F W W W W W W W W W W W2 F F F F F W2 W W W W W W W W W W2 W2 D W2 W2 W2 F F F F F W2 F F F F F F F W2 F F F F F F F F W 0 0 0 0 0 0 0 0 0 0 0 0 0 0 0 0 0 0 0 0 0 0 0 0 0 0 0 0 0 
0 0 0 0 0 0 0 0 0 0 0 W2 F F F F F F F F F F W2 F F F F F F F F F F F F F F F F F W2 F F F F F W2 F F F F F F F F F F F F F W W W W W W W W2 F F F F F F F W2 W W W W W F F F W 0 0 0 0 0 0 0 0 0 0 0 0 0 0 0 0 0 0 0 0 0 0 0 0 0 0 0 0 0 
0 0 0 0 0 0 0 0 0 0 0 W2 F F F F F F F F F F D F F F F F F F F F F F F F F F F F D F F F F F D F F F F F F F F F F F F F W 0 0 0 0 0 0 W2 F F F F F F F W2 0 0 0 0 W W2 D W2 W2 W2 W2 W2 W2 W2 W2 W2 W2 W2 W2 W2 W2 W2 W2 W2 W2 0 0 0 0 0 0 0 0 0 0 0 0 0 
0 0 0 0 0 0 0 0 0 0 0 W2 F F F F F F F F F F W2 F F F F F F F F F F F F F F F F F W2 F F F F F W2 F F F F F F F F F F F F F W 0 0 0 0 0 0 W2 F F F F F F F W2 0 0 0 0 W W2 F F F F F F F F F F F F F F F F F F W2 0 0 0 0 0 0 0 0 0 0 0 0 0 
0 0 0 0 0 0 0 0 0 0 0 W2 F F F F F F F F F F W2 W W W W W W W W W W W W W W W W W W2 F F F F F W2 W W W W W W W W W W W W W W 0 0 0 0 0 0 W2 F F F F F F F W2 0 0 0 0 W W2 F F F F F F F F F F F F F F F F F F W2 0 0 0 0 0 0 0 0 0 0 0 0 0 
0 0 0 0 0 0 0 0 0 0 0 W2 F F F F F F F F F F W2 0 0 0 0 0 0 0 0 0 0 0 0 0 0 0 0 0 W2 W2 W2 D W2 W2 W2 0 0 0 0 0 0 0 0 0 0 0 0 0 0 0 0 0 0 0 0 W2 F F F F F F F W2 0 0 0 0 W W2 F F F F F F F F F F F F F F F F F F W2 0 0 0 0 0 0 0 0 0 0 0 0 0 
0 0 0 0 0 0 0 0 0 0 0 W2 F F F F F F F F F F W2 0 0 0 0 0 0 0 0 0 0 0 0 0 0 0 0 0 0 W F F F W 0 0 0 0 0 0 0 0 0 0 0 0 0 0 0 0 0 0 0 0 0 W2 W2 W2 W2 W2 W2 W2 W2 W2 0 0 0 0 W W2 F F F F F F F F F F F F F F F F F F W2 0 0 0 0 0 0 0 0 0 0 0 0 0 
0 0 0 0 0 0 0 0 0 0 0 W2 F F F F F F F F F F W2 0 0 0 0 0 0 0 0 0 0 0 0 0 0 0 0 0 0 W F F F W 0 0 0 0 0 0 0 0 0 0 0 0 0 0 0 0 0 0 0 0 0 0 0 0 0 0 0 0 0 0 0 0 0 0 W W2 F F F F F F F F F F F F F F F F F F W2 0 0 0 0 0 0 0 0 0 0 0 0 0 
0 0 0 0 0 0 0 0 0 0 0 W2 F F F F F F F F F F W2 0 0 0 0 0 0 0 0 0 0 0 0 0 0 0 0 0 0 W F F F W W W W W W W W 0 0 0 0 0 0 0 0 0 0 0 0 0 0 0 0 0 0 0 0 0 0 0 0 0 0 0 W W2 F F F F F F F F F F F F F F F F F F W2 0 0 0 0 0 0 0 0 0 0 0 0 0 
0 0 0 0 0 0 0 0 0 0 0 W2 W2 D W2 W2 W2 W2 W2 W2 W2 W2 W2 0 0 0 0 0 0 0 0 0 0 0 0 0 0 0 0 W2 W2 W2 W2 D W2 W2 W2 W2 W2 W2 W2 W2 W2 W2 W2 W2 W2 W2 W2 W2 W2 W2 0 0 0 0 0 0 0 0 0 0 0 0 0 0 0 0 0 0 W W2 F F F F F F F F F F F F F F F F F F W2 0 0 0 0 0 0 0 0 0 0 0 0 0 
0 0 0 0 0 0 0 0 0 0 0 W F F F W W W W W 0 0 0 0 0 0 0 0 0 0 0 0 0 0 0 0 0 0 0 W2 F F F F F F F F F F F F F F F F F F F F F W2 0 0 0 0 0 0 0 0 0 0 0 0 0 0 0 0 0 0 W W2 F F F F F F F F F F F F F F F F F F W2 0 0 0 0 0 0 0 0 0 0 0 0 0 
0 0 0 0 0 0 0 0 0 0 0 W F F F W 0 0 0 0 0 0 0 0 0 0 0 0 0 0 0 0 0 0 0 0 0 0 0 W2 F F F F F F F F F F F F F F F F F F F F F W2 0 0 0 0 0 0 0 0 0 0 0 0 0 0 0 0 0 0 0 W2 F F F F F F F F F F F F F F F F F F W2 0 0 0 0 0 0 0 0 0 0 0 0 0 
0 0 0 0 0 0 0 0 0 0 0 W F F F W 0 0 0 0 0 0 0 0 0 0 0 0 0 0 0 0 0 0 0 0 0 0 0 W2 F F F F F F F F F F F F F F F F F F F F F W2 0 0 0 0 0 0 0 0 0 0 0 0 0 0 0 0 0 0 0 W2 F F F F F F F F F F F F F F F F F F W2 0 0 0 0 0 0 0 0 0 0 0 0 0 
0 0 0 0 0 0 0 0 0 0 0 W F F F W 0 0 0 0 0 0 0 0 0 0 0 0 0 0 0 0 0 0 0 0 0 0 0 W2 F F F F F F F F F F F F F F F F F F F F F W2 0 0 0 0 0 0 0 0 0 0 0 0 0 0 0 0 0 0 0 W2 F F F F F F F F F F F F F F F F F F W2 0 0 0 0 0 0 0 0 0 0 0 0 0 
0 0 0 0 0 0 0 0 0 0 0 W2 W2 D W2 W2 0 0 0 0 0 0 0 0 0 0 0 0 0 0 0 0 0 0 0 0 0 0 0 W2 F F F F F F F F F F F F F F F F F F F F F W2 0 0 0 0 0 0 0 0 0 0 0 0 0 0 0 0 0 0 0 W2 W2 W2 W2 W2 W2 W2 W2 W2 W2 W2 W2 W2 W2 W2 W2 W2 W2 W2 W2 0 0 0 0 0 0 0 0 0 0 0 0 0 
0 0 0 0 0 0 0 W W W W W2 F F F W2 0 0 0 0 0 0 0 0 0 0 0 0 0 0 0 0 0 0 0 0 0 0 0 W2 F F F F F F F F F F F F F F F F F F F F F W2 0 0 0 0 0 0 0 0 0 0 0 0 0 0 0 0 0 0 0 0 0 0 0 0 0 0 0 0 0 0 0 0 0 0 0 0 0 0 0 0 0 0 0 0 0 0 0 0 0 0 0 0 
0 0 0 0 0 0 0 W F F F W2 F F F W2 0 0 0 0 0 0 0 0 0 0 0 0 0 0 0 0 0 0 0 0 0 0 0 W2 W2 W2 W2 W2 W2 W2 W2 W2 W2 W2 W2 W2 W2 W2 D W2 W2 W2 W2 W2 W2 W2 0 0 0 0 0 0 0 0 0 0 0 0 0 0 0 0 0 0 0 0 0 0 0 0 0 0 0 0 0 0 0 0 0 0 0 0 0 0 0 0 0 0 0 0 0 0 0 0 0 0 0 0 
0 0 0 0 0 0 0 W F F F D F F F W2 0 0 0 0 0 0 0 0 0 0 0 0 0 0 0 0 0 0 0 0 0 0 0 0 0 0 0 0 0 0 0 0 0 0 0 0 W F F F W 0 0 0 0 0 0 0 0 0 0 0 0 0 0 0 0 0 0 0 0 0 0 0 0 0 0 0 0 0 0 0 0 0 0 0 0 0 0 0 0 0 0 0 0 0 0 0 0 0 0 0 0 0 0 0 0 0 
0 0 0 0 0 0 0 W F F F W2 W2 D W2 W2 0 0 0 0 0 0 0 0 0 0 0 0 0 0 0 0 0 0 0 0 0 0 0 0 0 0 0 0 0 0 0 0 0 0 0 0 W F F F W 0 0 0 0 0 0 0 0 0 0 0 0 0 0 0 0 0 0 0 0 0 0 0 0 0 0 0 0 0 0 0 0 0 0 0 0 0 0 0 0 0 0 0 0 0 0 0 0 0 0 0 0 0 0 0 0 0 
0 0 0 0 0 0 0 W F F F W F F F W 0 0 0 0 0 0 0 0 0 0 0 0 0 0 0 0 0 0 0 0 0 0 0 0 0 0 0 0 0 0 0 0 0 0 0 0 W F F F W 0 0 0 0 0 0 0 0 0 0 0 0 0 0 0 0 0 0 0 0 0 0 0 0 0 0 0 0 0 0 0 0 0 0 0 0 0 0 0 0 0 0 0 0 0 0 0 0 0 0 0 0 0 0 0 0 0 
0 0 0 0 0 0 0 W F F F W F F F W 0 0 0 0 0 0 0 0 0 0 0 0 0 0 0 0 0 0 0 0 0 0 0 0 0 0 0 0 0 0 0 0 0 0 0 0 W W2 D W2 W2 W2 W2 W2 W2 W2 W2 W2 W2 W2 W2 W2 W2 W2 W2 W2 W2 W2 W2 W 0 0 0 0 0 0 0 0 0 0 0 0 0 0 0 0 0 0 0 0 0 0 0 0 0 0 0 0 0 0 0 0 0 0 0 0 0 0 
0 0 0 0 0 0 0 W F F F W F F F W 0 0 0 0 0 0 0 0 0 0 0 0 0 0 0 0 0 0 0 0 0 0 0 0 0 0 0 0 0 0 0 0 0 0 0 0 W W2 F F F F F F F F F F F F F F F F F F F F W2 W 0 0 0 0 0 0 0 0 0 0 0 0 0 0 0 0 0 0 0 0 0 0 0 0 0 0 0 0 0 0 0 0 0 0 0 0 0 0 
0 0 0 0 0 0 0 W F F F W F F F W W W W W W W W W W W 0 0 0 0 0 0 0 0 0 0 0 0 0 0 0 0 0 0 0 0 0 0 0 0 0 0 W W2 F F F F F F F F F F F F F F F F F F F F W2 W 0 0 0 0 0 0 0 0 0 0 0 0 0 0 0 0 0 0 0 0 0 0 0 0 0 0 0 0 0 0 0 0 0 0 0 0 0 0 
0 0 0 0 0 W2 W2 W2 W2 D W2 W2 W2 D F F F F F W2 W2 W2 W2 W2 W2 W2 W2 0 0 0 0 0 0 0 0 0 0 0 0 0 0 0 0 0 0 0 0 0 0 0 0 0 W W2 F F F F F F F F F F F F F F F F F F F F W2 W 0 0 0 0 0 0 0 0 0 0 0 0 0 0 0 0 0 0 0 0 0 0 0 0 0 0 0 0 0 0 0 0 0 0 0 0 0 0 
0 0 0 0 0 W2 F F F F F F F D F F F F F D F F F F F F W2 0 0 0 0 0 0 0 0 0 0 0 0 0 0 0 0 0 0 0 0 0 0 0 0 0 W W2 W2 W2 W2 W2 W2 W2 W2 W2 W2 W2 W2 W2 W2 W2 W2 W2 W2 W2 W2 D W2 W 0 0 0 0 0 0 0 0 0 0 0 0 0 0 0 0 0 0 0 0 0 0 0 0 0 0 0 0 0 0 0 0 0 0 0 0 0 0 
0 0 0 0 0 W2 F F F F F F F W2 F F F F F W2 F F F F F F W2 0 0 0 0 0 0 0 0 0 0 0 0 0 0 0 0 0 0 0 0 0 0 0 0 0 0 0 0 0 0 0 0 0 0 0 0 0 0 0 0 0 0 0 0 W F F F W 0 0 0 0 0 0 0 0 0 0 0 0 0 0 0 0 0 0 0 0 0 0 0 0 0 0 0 0 0 0 0 0 0 0 0 0 0 0 
0 0 0 0 0 W2 F F F F F F F D F F F F F D F F F F F F W2 0 0 0 0 0 0 0 0 0 0 0 0 0 0 0 0 0 0 0 0 0 0 0 0 0 0 0 0 0 0 0 0 0 0 0 0 0 0 0 0 0 0 0 0 W F F F W 0 0 0 0 0 0 0 0 0 0 0 0 0 0 0 0 0 0 0 0 0 0 0 0 0 0 0 0 0 0 0 0 0 0 0 0 0 0 
0 0 0 0 0 W2 F F F F F F F W2 F F F F F W2 F F F F F F W2 0 0 0 0 0 0 0 0 0 0 0 0 0 0 0 0 0 0 0 0 0 0 0 0 0 0 0 0 0 0 0 0 0 0 0 0 0 0 0 0 0 0 0 0 W W2 D W2 W2 W2 W2 W2 W2 W2 W2 W2 W2 W2 W2 W2 W2 0 0 0 0 0 0 0 0 0 0 0 0 0 0 0 0 0 0 0 0 0 0 0 0 0 0 
0 0 0 0 0 W2 F F F F F F F W2 W W W W W W2 W2 W2 W2 W2 W2 W2 W2 0 0 0 0 0 0 0 0 0 0 0 0 0 0 0 0 0 0 0 0 0 0 0 0 0 0 0 0 0 0 0 0 0 0 0 0 0 0 0 0 0 0 0 0 W W2 F F F F F F F F F F F F F F W2 0 0 0 0 0 0 0 0 0 0 0 0 0 0 0 0 0 0 0 0 0 0 0 0 0 0 
0 0 0 0 0 W2 F F F F F F F W2 W 0 0 0 0 0 0 0 0 0 0 0 0 0 0 0 0 0 0 0 0 0 0 0 0 0 0 0 0 0 0 0 0 0 0 0 0 0 0 0 0 0 0 0 0 0 0 0 0 0 0 0 0 0 0 0 0 W W2 F F F F F F F F F F F F F F W2 0 0 0 0 0 0 0 0 0 0 0 0 0 0 0 0 0 0 0 0 0 0 0 0 0 0 
0 0 0 0 0 W2 F F F F F F F W2 W 0 0 0 0 0 0 0 0 0 0 0 0 0 0 0 0 0 0 0 0 0 0 0 0 0 0 0 0 0 0 0 0 0 0 0 0 0 0 0 0 0 0 0 0 0 0 0 0 0 0 0 0 0 0 0 0 W W2 F F F F F F F F F F F F F F W2 0 0 0 0 0 0 0 0 0 0 0 0 0 0 0 0 0 0 0 0 0 0 0 0 0 0 
0 0 0 0 0 W2 F F F F F F F W2 0 0 0 0 0 0 0 0 0 0 0 0 0 0 0 0 0 0 0 0 0 0 0 0 0 0 0 0 0 0 0 0 0 0 0 0 0 0 0 0 0 0 0 0 0 0 0 0 0 0 0 0 0 0 0 0 0 W W2 F F F F F F F F F F F F F F W2 0 0 0 0 0 0 0 0 0 0 0 0 0 0 0 0 0 0 0 0 0 0 0 0 0 0 
0 0 0 0 0 W2 F F F F F F F W2 0 0 0 0 0 0 0 0 0 0 0 0 0 0 0 0 0 0 0 0 0 0 0 0 0 0 0 0 0 0 0 0 0 0 0 0 0 0 0 0 0 0 0 0 0 0 0 0 0 0 0 0 0 0 0 0 0 W W2 W2 W2 W2 W2 W2 W2 W2 D W2 W2 W2 W2 W2 W2 W2 0 0 0 0 0 0 0 0 0 0 0 0 0 0 0 0 0 0 0 0 0 0 0 0 0 0 
0 0 0 0 0 W2 W2 W2 W2 D W2 W2 W2 W2 0 0 0 0 0 0 0 0 0 0 0 0 0 0 0 0 0 0 0 0 0 0 0 0 0 0 0 0 0 0 0 0 0 0 0 0 0 0 0 0 0 0 0 0 0 0 0 0 0 0 0 0 0 0 0 0 0 0 0 0 0 0 0 0 W F F F W 0 0 0 0 0 0 0 0 0 0 0 0 0 0 0 0 0 0 0 0 0 0 0 0 0 0 0 0 0 0 0 
0 0 0 0 0 0 0 W F F F W 0 0 0 0 0 0 0 0 0 0 0 0 0 0 0 0 0 0 0 0 0 0 0 0 0 0 0 0 0 0 0 0 0 0 0 0 0 0 0 0 0 0 0 0 0 0 0 0 0 0 0 0 0 0 0 0 0 0 0 0 0 0 0 0 0 0 W F F F W 0 0 0 0 0 0 0 0 0 0 0 0 0 0 0 0 0 0 0 0 0 0 0 0 0 0 0 0 0 0 0 
0 0 0 0 0 0 0 W F F F W 0 0 0 0 0 0 0 0 0 0 0 0 0 0 0 0 0 0 0 0 0 0 0 0 0 0 0 0 0 0 0 0 0 0 0 0 0 0 0 0 0 0 0 0 0 0 0 0 0 0 0 0 0 0 0 0 0 0 0 0 0 0 0 0 0 0 W F F F W 0 0 0 0 0 0 0 0 0 0 0 0 0 0 0 0 0 0 0 0 0 0 0 0 0 0 0 0 0 0 0 
0 0 0 0 0 0 0 W F F F W 0 0 0 0 0 0 0 0 0 0 0 0 0 0 0 0 0 0 0 0 0 0 0 0 0 0 0 0 0 0 0 0 0 0 0 0 0 0 0 0 0 0 0 0 0 0 0 0 0 0 0 0 0 0 0 0 0 0 0 0 0 0 0 0 0 0 W F F F W 0 0 0 0 0 0 0 0 0 0 0 0 0 0 0 0 0 0 0 0 0 0 0 0 0 0 0 0 0 0 0 
0 0 0 0 0 0 0 W F F F W 0 0 0 0 0 0 0 0 0 0 0 0 0 0 0 0 0 W2 W2 W2 W2 W2 W2 W2 W2 W2 W2 W2 W2 W2 W2 0 0 0 0 0 0 0 0 0 0 0 0 0 0 0 0 0 0 0 0 0 0 0 0 0 0 0 0 0 0 0 0 0 0 0 W F F F W 0 0 0 0 0 0 0 0 0 0 0 0 0 0 0 0 0 0 0 0 0 0 0 0 0 0 0 0 0 0 0 
0 0 0 0 0 0 0 W F F F W 0 0 0 0 0 0 0 0 0 0 0 0 0 0 0 0 0 W2 F F F F F F F F F F F F W2 0 0 0 0 0 0 0 0 0 0 0 0 0 0 0 0 0 0 0 0 0 0 0 0 0 0 0 0 0 0 0 0 0 0 0 W F F F W 0 0 0 0 0 0 0 0 0 0 0 0 0 0 0 0 0 0 0 0 0 0 0 0 0 0 0 0 0 0 0 
0 0 0 0 0 0 0 W F F F W 0 0 0 0 0 0 0 0 0 0 0 0 0 0 0 0 0 W2 F F F F F F F F F F F F W2 0 0 0 0 0 0 0 0 0 0 0 0 0 0 0 0 0 0 0 0 0 0 0 0 0 0 0 0 0 0 0 0 0 0 0 W F F F W 0 0 0 0 0 0 0 0 0 0 0 0 0 0 0 0 0 0 0 0 0 0 0 0 0 0 0 0 0 0 0 
0 0 0 0 0 0 0 W F F F W 0 0 0 0 0 0 0 0 0 0 0 0 0 0 0 0 0 W2 F F F F F F F F F F F F W2 0 0 0 0 0 0 0 0 0 0 0 0 0 0 0 0 W2 W2 W2 W2 W2 W2 W2 0 0 0 0 0 0 0 0 0 0 0 0 W F F F W 0 0 0 0 0 0 0 0 0 0 0 0 0 0 0 0 0 0 0 0 0 0 0 0 0 0 0 0 0 0 0 
0 0 0 0 0 0 0 W F F F W 0 0 0 0 0 0 0 0 0 0 0 0 0 0 0 0 0 W2 F F F F F F F F F F F F W2 0 0 0 0 0 0 0 0 0 0 0 0 0 0 0 0 W2 F F F F F W2 0 0 0 0 0 0 0 0 0 0 0 0 W F F F W 0 0 0 0 0 0 0 0 0 0 0 0 0 0 0 0 0 0 0 0 0 0 0 0 0 0 0 0 0 0 0 
0 0 0 0 0 0 0 W F F F W 0 0 0 0 0 0 0 0 0 0 0 0 0 0 0 0 0 W2 F F F F F F F F F F F F W2 W 0 0 0 0 0 0 0 0 0 0 0 0 0 0 0 W2 F F F F F W2 0 0 0 0 0 0 0 0 0 0 0 0 W F F F W 0 0 0 0 0 0 0 0 0 0 0 0 0 0 0 0 0 0 0 0 0 0 0 0 0 0 0 0 0 0 0 
0 0 0 0 0 0 0 W F F F W 0 0 0 0 0 0 0 0 0 0 0 0 0 0 0 0 0 W2 F F F F F F F F F F F F W2 W 0 0 0 0 0 0 0 0 0 0 0 0 0 0 0 W2 F F F F F W2 0 0 0 0 0 0 0 0 0 0 0 0 W F F F W 0 0 0 0 0 0 0 0 0 0 0 0 0 0 0 0 0 0 0 0 0 0 0 0 0 0 0 0 0 0 0 
0 0 0 0 0 0 0 W F F F W 0 0 0 0 0 0 0 0 0 0 0 0 0 0 0 0 0 W2 F F F F F F F F F F F F W2 W 0 0 0 0 0 0 0 0 0 0 0 0 0 0 0 W2 F F F F F W2 0 0 0 0 0 0 0 0 0 0 0 0 W F F F W 0 0 0 0 0 0 0 0 0 0 0 0 0 0 0 0 0 0 0 0 0 0 0 0 0 0 0 0 0 0 0 
0 0 0 0 0 0 0 W F F F W 0 0 0 0 0 0 0 0 0 0 0 0 0 0 0 0 0 W2 F F F F F F F F F F F F W2 W W W W W W W W W W W W W W W W W2 F F F F F W2 W 0 0 0 0 0 0 0 0 0 0 0 W F F F W 0 0 0 0 0 0 0 0 0 0 0 0 0 0 0 0 0 0 0 0 0 0 0 0 0 0 0 0 0 0 0 
0 0 0 0 0 0 0 W F F F W 0 0 0 0 0 0 0 0 0 0 0 0 0 0 0 0 0 W2 F F F F F F F F F F F F W2 F F F F F F F F F F F F F F F F W2 F F F F F W2 W 0 0 0 0 0 0 0 0 0 0 0 W F F F W 0 0 W2 W2 W2 W2 W2 W2 W2 W2 W2 W2 W2 W2 W2 W2 W2 W2 0 0 0 0 0 0 0 0 0 0 0 0 0 
0 0 0 0 0 0 0 W F F F W W W W W W 0 0 0 0 0 0 0 0 0 0 0 0 W2 F F F F F F F F F F F F D F F F F F F F F F F F F F F F F D F F F F F W2 W 0 0 0 0 W W W W W W W W F F F W 0 0 W2 F F F F F F F F F F F F F F W2 0 0 0 0 0 0 0 0 0 0 0 0 0 
0 0 0 0 0 0 0 W F F W2 W2 W2 W2 W2 W2 W2 W2 W2 0 0 0 0 0 0 0 0 0 0 W2 F F F F F F F F F F F F W2 F F F F F F F F F F F F F F F F W2 F F F F F W2 W 0 W2 W2 W2 W2 W2 W2 W2 W2 W2 W2 W2 F F F W 0 0 W2 F F F F F F F F F F F F F F W2 0 0 0 0 0 0 0 0 0 0 0 0 0 
0 0 0 0 0 0 0 W F F D F F F F F F F W2 0 0 0 0 0 0 0 0 0 0 W2 F F F F F F F F F F F F W2 W W W W W W W W W W W W W W W W W2 F F F F F W2 W 0 W2 F F F F F F F F F D F F F W 0 0 W2 F F F F F F F F F F F F F F W2 0 0 0 0 0 0 0 0 0 0 0 0 0 
0 0 0 0 0 0 0 W F F W2 F F F F F F F W2 0 0 0 0 0 0 0 0 0 0 W2 W2 W2 W2 W2 W2 W2 W2 W2 W2 W2 W2 W2 W2 0 0 0 0 0 0 0 0 0 0 0 0 0 0 0 0 W2 F F F F F W2 W 0 W2 F F F F F F F F F W2 F F F W 0 0 W2 F F F F F F F F F F F F F F W2 0 0 0 0 0 0 0 0 0 0 0 0 0 
0 0 0 0 0 0 0 W W W W2 F F F F F F F W2 0 0 0 0 0 0 0 0 0 0 0 0 0 0 0 0 0 0 0 0 0 0 0 0 0 0 0 0 0 0 0 0 0 0 0 0 0 0 0 0 W2 F F F F F W2 W 0 W2 F F F F F F F F F W2 W W W W 0 0 W2 F F F F F F F F F F F F F F W2 0 0 0 0 0 0 0 0 0 0 0 0 0 
0 0 0 0 0 0 0 0 0 0 W2 F F F F F F F W2 0 0 0 0 0 0 0 0 0 0 0 0 0 0 0 0 0 0 0 0 0 0 0 0 0 0 0 0 0 0 0 0 0 0 0 0 0 0 0 0 W2 F F F F F W2 W 0 W2 F F F F F F F F F W2 0 0 0 0 0 0 W2 F F F F F F F F F F F F F F W2 0 0 0 0 0 0 0 0 0 0 0 0 0 
0 0 0 0 0 0 0 0 0 0 W2 F F F F F F F W2 0 0 0 0 0 0 0 0 0 0 0 0 0 0 0 0 0 0 0 0 0 0 0 0 0 0 0 0 0 0 0 0 0 0 0 0 0 0 0 0 W2 F F F F F W2 W 0 W2 F F F F F F F F F W2 0 0 0 0 0 0 W2 F F F F F F F F F F F F F F W2 0 0 0 0 0 0 0 0 0 0 0 0 0 
0 0 0 0 0 0 0 0 0 0 W2 F F F F F F F W2 0 0 0 0 0 0 0 0 0 0 0 0 0 0 0 0 0 0 0 0 0 0 0 0 0 0 0 0 0 0 0 0 0 0 0 0 0 0 0 0 W2 W2 W2 W2 W2 D W2 W 0 W2 F F F F F F F F F W2 0 0 0 0 0 W W2 F F F F F F F F F F F F F F W2 0 0 0 0 0 0 0 0 0 0 0 0 0 
0 0 0 0 0 0 0 0 0 0 W2 F F F F F F F W2 0 0 0 0 0 0 0 0 0 0 0 0 0 0 0 0 0 0 0 0 0 0 0 0 0 0 0 0 0 0 0 0 0 0 0 0 0 0 0 0 0 0 0 W F F F W W W2 F F F F F F F F F W2 W W W W W W W2 F F F F F F F F F F F F F F W2 0 0 0 0 0 0 0 0 0 0 0 0 0 
0 0 0 0 0 0 0 0 0 0 W2 F F F F F F F W2 0 0 0 0 0 0 0 0 0 0 0 0 0 0 0 0 0 0 0 0 0 0 0 0 0 0 0 0 0 0 0 0 0 0 0 0 0 0 0 0 0 0 0 W F F F F F W2 F F F F F F F F F W2 F F F F F F W2 F F F F F F F F F F F F F F W2 0 0 0 0 0 0 0 0 0 0 0 0 0 
0 0 0 0 0 0 0 0 0 0 W2 F F F F F F F W2 0 0 0 0 0 0 0 0 0 0 0 0 0 0 0 0 0 0 0 0 0 0 0 0 0 0 0 0 0 0 0 0 0 0 0 0 0 0 0 0 0 0 0 W F F F F F D F F F F F F F F F D F F F F F F D F F F F F F F F F F F F F F W2 0 0 0 0 0 0 0 0 0 0 0 0 0 
0 0 0 0 0 0 0 0 0 0 W2 F F F F F F F W2 0 0 0 0 0 0 0 0 0 0 0 0 0 0 0 0 0 0 0 0 0 0 0 0 0 0 0 0 0 0 0 0 0 0 0 0 0 0 0 0 0 0 0 W F F F F F W2 F F F F F F F F F W2 F F F F F F W2 F F F F F F F F F F F F F F W2 0 0 0 0 0 0 0 0 0 0 0 0 0 
0 0 0 0 0 0 0 0 0 0 W2 W2 W2 W2 W2 W2 W2 W2 W2 0 0 0 0 0 0 0 0 0 0 0 0 0 0 0 0 0 0 0 0 0 0 0 0 0 0 0 0 0 0 0 0 0 0 0 0 0 0 0 0 0 0 0 W W W W W W W2 F F F F F F F F F W2 W W W W W W W2 F F F F F F F F F F F F F F W2 0 0 0 0 0 0 0 0 0 0 0 0 0 
0 0 0 0 0 0 0 0 0 0 0 0 0 0 0 0 0 0 0 0 0 0 0 0 0 0 0 0 0 0 0 0 0 0 0 0 0 0 0 0 0 0 0 0 0 0 0 0 0 0 0 0 0 0 0 0 0 0 0 0 0 0 0 0 0 0 0 0 W2 F F F F F F F F F W2 0 0 0 0 0 0 W2 F F F F F F F F F F F F F F W2 0 0 0 0 0 0 0 0 0 0 0 0 0 
0 0 0 0 0 0 0 0 0 0 0 0 0 0 0 0 0 0 0 0 0 0 0 0 0 0 0 0 0 0 0 0 0 0 0 0 0 0 0 0 0 0 0 0 0 0 0 0 0 0 0 0 0 0 0 0 0 0 0 0 0 0 0 0 0 0 0 0 W2 F F F F F F F F F W2 0 0 0 0 0 0 W2 F F F F F F F F F F F F F F W2 0 0 0 0 0 0 0 0 0 0 0 0 0 
0 0 0 0 0 0 0 0 0 0 0 0 0 0 0 0 0 0 0 0 0 0 0 0 0 0 0 0 0 0 0 0 0 0 0 0 0 0 0 0 0 0 0 0 0 0 0 0 0 0 0 0 0 0 0 0 0 0 0 0 0 0 0 0 0 0 0 0 W2 F F F F F F F F F W2 0 0 0 0 0 0 W2 F F F F F F F F F F F F F F W2 0 0 0 0 0 0 0 0 0 0 0 0 0 
0 0 0 0 0 0 0 0 0 0 0 0 0 0 0 0 0 0 0 0 0 0 0 0 0 0 0 0 0 0 0 0 0 0 0 0 0 0 0 0 0 0 0 0 0 0 0 0 0 0 0 0 0 0 0 0 0 0 0 0 0 0 0 0 0 0 0 0 W2 F F F F F F F F F W2 0 0 0 0 0 0 W2 F F F F F F F F F F F F F F W2 0 0 0 0 0 0 0 0 0 0 0 0 0 
0 0 0 0 0 0 0 0 0 0 0 0 0 0 0 0 0 0 0 0 0 0 0 0 0 0 0 0 0 0 0 0 0 0 0 0 0 0 0 0 0 0 0 0 0 0 0 0 0 0 0 0 0 0 0 0 0 0 0 0 0 0 0 0 0 0 0 0 W2 F F F F F F F F F W2 0 0 0 0 0 0 W2 F F F F F F F F F F F F F F W2 0 0 0 0 0 0 0 0 0 0 0 0 0 
0 0 0 0 0 0 0 0 0 0 0 0 0 0 0 0 0 0 0 0 0 0 0 0 0 0 0 0 0 0 0 0 0 0 0 0 0 0 0 0 0 0 0 0 0 0 0 0 0 0 0 0 0 0 0 0 0 0 0 0 0 0 0 0 0 0 0 0 W2 W2 W2 W2 W2 W2 W2 W2 W2 W2 W2 0 0 0 0 0 0 W2 F F F F F F F F F F F F F F W2 0 0 0 0 0 0 0 0 0 0 0 0 0 
0 0 0 0 0 0 0 0 0 0 0 0 0 0 0 0 0 0 0 0 0 0 0 0 0 0 0 0 0 0 0 0 0 0 0 0 0 0 0 0 0 0 0 0 0 0 0 0 0 0 0 0 0 0 0 0 0 0 0 0 0 0 0 0 0 0 0 0 0 0 0 0 0 0 0 0 0 0 0 0 0 0 0 0 0 W2 W2 W2 W2 W2 W2 W2 W2 W2 W2 W2 W2 W2 W2 W2 W2 0 0 0 0 0 0 0 0 0 0 0 0 0 
0 0 0 0 0 0 0 0 0 0 0 0 0 0 0 0 0 0 0 0 0 0 0 0 0 0 0 0 0 0 0 0 0 0 0 0 0 0 0 0 0 0 0 0 0 0 0 0 0 0 0 0 0 0 0 0 0 0 0 0 0 0 0 0 0 0 0 0 0 0 0 0 0 0 0 0 0 0 0 0 0 0 0 0 0 0 0 0 0 0 0 0 0 0 0 0 0 0 0 0 0 0 0 0 0 0 0 0 0 0 0 0 0 0 
0 0 0 0 0 0 0 0 0 0 0 0 0 0 0 0 0 0 0 0 0 0 0 0 0 0 0 0 0 0 0 0 0 0 0 0 0 0 0 0 0 0 0 0 0 0 0 0 0 0 0 0 0 0 0 0 0 0 0 0 0 0 0 0 0 0 0 0 0 0 0 0 0 0 0 0 0 0 0 0 0 0 0 0 0 0 0 0 0 0 0 0 0 0 0 0 0 0 0 0 0 0 0 0 0 0 0 0 0 0 0 0 0 0 
0 0 0 0 0 0 0 0 0 0 0 0 0 0 0 0 0 0 0 0 0 0 0 0 0 0 0 0 0 0 0 0 0 0 0 0 0 0 0 0 0 0 0 0 0 0 0 0 0 0 0 0 0 0 0 0 0 0 0 0 0 0 0 0 0 0 0 0 0 0 0 0 0 0 0 0 0 0 0 0 0 0 0 0 0 0 0 0 0 0 0 0 0 0 0 0 0 0 0 0 0 0 0 0 0 0 0 0 0 0 0 0 0 0 
0 0 0 0 0 0 0 0 0 0 0 0 0 0 0 0 0 0 0 0 0 0 0 0 0 0 0 0 0 0 0 0 0 0 0 0 0 0 0 0 0 0 0 0 0 0 0 0 0 0 0 0 0 0 0 0 0 0 0 0 0 0 0 0 0 0 0 0 0 0 0 0 0 0 0 0 0 0 0 0 0 0 0 0 0 0 0 0 0 0 0 0 0 0 0 0 0 0 0 0 0 0 0 0 0 0 0 0 0 0 0 0 0 0 
0 0 0 0 0 0 0 0 0 0 0 0 0 0 0 0 0 0 0 0 0 0 0 0 0 0 0 0 0 0 0 0 0 0 0 0 0 0 0 0 0 0 0 0 0 0 0 0 0 0 0 0 0 0 0 0 0 0 0 0 0 0 0 0 0 0 0 0 0 0 0 0 0 0 0 0 0 0 0 0 0 0 0 0 0 0 0 0 0 0 0 0 0 0 0 0 0 0 0 0 0 0 0 0 0 0 0 0 0 0 0 0 0 0 
0 0 0 0 0 0 0 0 0 0 0 0 0 0 0 0 0 0 0 0 0 0 0 0 0 0 0 0 0 0 0 0 0 0 0 0 0 0 0 0 0 0 0 0 0 0 0 0 0 0 0 0 0 0 0 0 0 0 0 0 0 0 0 0 0 0 0 0 0 0 0 0 0 0 0 0 0 0 0 0 0 0 0 0 0 0 0 0 0 0 0 0 0 0 0 0 0 0 0 0 0 0 0 0 0 0 0 0 0 0 0 0 0 0 
0 0 0 0 0 0 0 0 0 0 0 0 0 0 0 0 0 0 0 0 0 0 0 0 0 0 0 0 0 0 0 0 0 0 0 0 0 0 0 0 0 0 0 0 0 0 0 0 0 0 0 0 0 0 0 0 0 0 0 0 0 0 0 0 0 0 0 0 0 0 0 0 0 0 0 0 0 0 0 0 0 0 0 0 0 0 0 0 0 0 0 0 0 0 0 0 0 0 0 0 0 0 0 0 0 0 0 0 0 0 0 0 0 0 
0 0 0 0 0 0 0 0 0 0 0 0 0 0 0 0 0 0 0 0 0 0 0 0 0 0 0 0 0 0 0 0 0 0 0 0 0 0 0 0 0 0 0 0 0 0 0 0 0 0 0 0 0 0 0 0 0 0 0 0 0 0 0 0 0 0 0 0 0 0 0 0 0 0 0 0 0 0 0 0 0 0 0 0 0 0 0 0 0 0 0 0 0 0 0 0 0 0 0 0 0 0 0 0 0 0 0 0 0 0 0 0 0 0 
0 0 0 0 0 0 0 0 0 0 0 0 0 0 0 0 0 0 0 0 0 0 0 0 0 0 0 0 0 0 0 0 0 0 0 0 0 0 0 0 0 0 0 0 0 0 0 0 0 0 0 0 0 0 0 0 0 0 0 0 0 0 0 0 0 0 0 0 0 0 0 0 0 0 0 0 0 0 0 0 0 0 0 0 0 0 0 0 0 0 0 0 0 0 0 0 0 0 0 0 0 0 0 0 0 0 0 0 0 0 0 0 0 0 